16
19
20
41
45
53
59
63
69
78
81
86
87
100
106
166
168
186
188
215
218
226
227
251
255
257
268
281
284
288
300
337
338
343
351
364
369
377
381
397
400
410
411
412
413
425
428
444
470
505
528
533
545
546
548
552
558
567
572
574
579
592
598
600
604
606
618
631
643
655
691
721
737
750
759
760
763
765
781
794
796
810
836
837
838
839
840
845
850
858
898
905
916
936
937
938
960
969
972
1009
1012
1018
1020
1021
1029
1032
1036
1038
1065
1069
1081
1086
1091
1095
1096
1105
1114
1122
1123
1132
1134
1142
1149
1153
1155
1168
1181
1184
1186
1192
1196
1199
1200
1202
1235
1241
1243
1252
1259
1275
1278
1289
1296
1302
1308
1311
1314
1323
1329
1336
1339
1345
1347
1348
1362
1366
1369
1374
1378
1384
1392
1403
1407
1413
1416
1420
1430
1435
1448
1457
1463
1468
1469
1474
1477
1482
1493
1495
1518
1520
1524
1526
1534
1546
1551
1555
1559
1560
1566
1570
1583
1591
1600
1625
1631
1632
1639
1641
1645
1655
1662
1666
1667
1670
1686
1692
1697
1698
1705
1709
1710
1716
1719
1720
1724
1727
1729
1733
1734
1735
1737
1742
1745
1747
1755
1763
1764
1765
1773
1776
1789
1790
1791
1794
1798
1811
1813
1821
1823
1838
1840
1842
1850
1862
1867
1874
1875
1882
1885
1898
1900
1904
1908
1910
1912
1915
1920
1939
1940
1962
1974
1990
1996
1999
2008
2012
2019
2021
2030
2031
2032
2039
2045
2053
2061
2064
2083
2087
2088
2091
2097
2102
2104
2115
2120
2132
2140
2141
2143
2148
2152
2156
2162
2171
2176
2177
2181
2190
2196
2200
2202
2203
2243
2255
2266
2272
2276
2282
2284
2300
2301
2304
2314
2323
2330
2331
2335
2336
2369
2372
2382
2393
2412
2413
2415
2416
2417
2421
2429
2434
2441
2456
2459
2469
2490
2502
2503
2504
2515
2522
2524
2529
2548
2556
2559
2562
2563
2565
2567
2572
2577
2585
2587
2588
2591
2596
2601
2611
2612
2614
2618
2623
2631
2637
2638
2651
2652
2657
2658
2660
2666
2672
2675
2683
2687
2689
2690
2691
2694
2699
2701
2703
2708
2713
2718
2719
2724
2727
2728
2732
2733
2740
2744
2753
2761
2763
2774
2776
2785
2788
2789
2790
2797
2808
2810
2815
2819
2823
2827
2828
2834
2850
2863
2865
2866
2875
2883
2896
2921
2925
2931
2934
2941
2945
2949
2950
2955
2957
2962
2965
2967
2981
2989
2996
2997
3004
3006
3020
3025
3026
3032
3037
3044
3052
3059
3061
3063
3081
3098
3101
3108
3109
3120
3125
3138
3139
3144
3149
3150
3162
3167
3172
3173
3176
3187
3197
3217
3221
3224
3230
3234
3235
3238
3240
3241
3248
3253
3265
3268
3270
3285
3287
3298
3313
3322
3335
3345
3348
3350
3359
3370
3382
3392
3440
3448
3452
3455
3469
3474
3481
3491
3497
3502
3507
3531
3534
3544
3545
3566
3575
3578
3584
3589
3591
3592
3598
3603
3622
3624
3626
3627
3634
3635
3636
3641
3697
3729
3733
3734
3735
3741
3747
3749
3754
3758
3781
3793
3799
3822
3833
3839
3885
3895
3912
3916
3938
