9
13
23
73
82
116
117
156
310
317
345
362
392
420
453
596
602
638
649
667
670
700
709
751
848
851
857
880
897
913
914
931
954
983
998
1033
1049
1054
1103
1151
1172
1179
1185
1189
1191
1197
1237
1242
1263
1273
1280
1372
1394
1396
1400
1436
1447
1458
1483
1484
1509
1525
1541
1544
1582
1589
1599
1628
1630
1658
1659
1690
1738
1775
1779
1780
1833
1878
1906
1917
1924
1934
1943
1947
1961
1985
1986
1995
2006
2016
2023
2025
2043
2052
2062
2070
2114
2144
2158
2188
2222
2225
2230
2248
2264
2275
2283
2291
2297
2298
2311
2317
2329
2351
2362
2386
2391
2422
2424
2435
2447
2449
2452
2454
2478
2497
2506
2510
2526
2528
2543
2547
2550
2557
2579
2589
2597
2621
2625
2647
2649
2695
2723
2735
2737
2739
2743
2747
2750
2765
2770
2780
2804
2807
2821
2826
2844
2846
2854
2858
2864
2872
2895
2897
2902
2946
2951
2952
2961
2979
3019
3035
3040
3046
3080
3095
3157
3170
3191
3213
3218
3220
3222
3225
3226
3260
3278
3286
3294
3308
3309
3312
3323
3344
3347
3364
3366
3378
3394
3415
3432
3468
3538
3542
3548
3559
3568
3570
3580
3602
3604
3623
3648
3694
3695
3716
3750
3753
3837
3844
3857
3869
3876
3883
3903
3922
