4
29
56
66
138
209
269
512
525
530
566
577
595
601
614
669
678
735
767
842
861
895
946
950
977
986
996
1006
1028
1031
1060
1085
1106
1131
1156
1198
1204
1224
1294
1315
1326
1429
1481
1514
1726
1761
1772
1781
1804
1877
1911
1955
1956
1964
2015
2082
2136
2138
2210
2326
2357
2376
2399
2439
2530
2536
2573
2617
2619
2636
2702
2706
2720
2777
2813
2868
2882
2892
2928
2933
3051
3066
3133
3181
3185
3198
3216
3256
3281
3288
3319
3356
3396
3409
3413
3447
3485
3488
3514
3669
3676
3706
3728
3801
3873
3892
3918
