2
3
7
8
10
11
15
17
24
25
27
28
31
32
33
34
36
38
39
40
42
44
46
47
50
51
52
54
55
57
61
62
64
67
68
70
74
75
76
77
79
80
83
85
90
91
92
93
94
95
96
97
101
107
108
109
110
111
113
118
120
121
123
124
126
129
132
133
135
137
140
142
145
147
148
149
157
159
160
167
169
170
172
173
174
175
177
180
181
182
183
185
187
189
190
191
193
194
195
196
197
198
199
200
204
205
208
210
211
212
213
219
220
221
222
224
225
229
230
233
234
235
236
237
241
242
244
245
247
249
253
254
256
261
262
263
264
270
272
277
278
282
283
285
287
291
295
296
297
298
299
301
302
304
306
307
308
311
312
313
314
315
316
318
319
320
321
322
323
325
327
328
329
330
334
335
336
341
342
344
348
349
350
352
353
354
355
357
359
361
365
366
367
368
375
376
378
380
382
383
385
387
388
389
390
395
398
399
401
402
405
406
407
414
416
417
421
424
426
427
429
430
432
433
436
437
438
440
442
443
445
446
447
448
449
454
455
457
458
459
460
462
463
465
467
468
471
473
475
480
481
483
484
485
486
487
489
490
491
492
493
495
496
497
498
499
500
501
502
503
504
506
507
509
511
513
514
515
518
519
520
521
523
526
527
529
534
535
536
537
538
539
540
541
542
549
550
553
554
555
560
561
562
563
569
571
573
578
580
582
583
585
586
587
589
591
593
597
603
605
607
608
609
611
613
616
619
622
624
626
627
629
635
636
637
640
641
644
645
646
647
648
651
654
656
658
661
662
663
664
671
672
674
675
676
677
682
685
686
690
692
694
696
697
699
704
705
706
708
710
711
712
713
715
718
719
720
723
725
726
727
729
730
731
733
736
738
739
742
743
744
745
746
748
749
755
756
758
766
768
769
770
771
774
776
777
780
783
785
786
788
789
792
795
797
798
799
802
803
804
805
806
808
809
811
815
817
818
820
821
822
827
828
829
830
831
832
833
834
835
841
844
847
853
856
859
862
865
866
867
868
869
871
872
873
874
875
876
877
879
882
883
884
885
886
887
890
892
893
896
899
900
901
902
904
906
908
915
917
918
919
920
922
923
924
925
926
928
929
930
932
933
935
940
942
944
948
949
951
952
953
957
958
959
963
964
966
967
968
971
974
976
982
984
985
987
988
989
993
995
997
999
1000
1001
1002
1003
1005
1007
1010
1013
1015
1016
1017
1023
1025
1026
1027
1030
1034
1035
1037
1039
1040
1041
1042
1043
1044
1045
1046
1047
1048
1050
1051
1053
1055
1056
1062
1066
1067
1068
1070
1071
1072
1075
1076
1079
1080
1082
1083
1084
1090
1094
1099
1100
1102
1109
1112
1113
1119
1120
1127
1128
1129
1130
1135
1137
1138
1139
1140
1146
1147
1148
1152
1157
1158
1161
1165
1169
1175
1176
1177
1180
1182
1187
1190
1195
1203
1206
1209
1210
1212
1216
1220
1221
1222
1226
1228
1229
1230
1231
1232
1234
1236
1238
1239
1246
1247
1248
1250
1251
1253
1254
1256
1257
1258
1261
1264
1265
1266
1270
1274
1276
1279
1282
1283
1284
1285
1287
1288
1291
1292
1298
1300
1306
1307
1309
1312
1316
1317
1318
1319
1320
1321
1322
1324
1325
1328
1333
1334
1338
1346
1349
1350
1352
1353
1354
1355
1357
1360
1361
1364
1367
1370
1371
1373
1380
1381
1382
1385
1386
1387
1390
1391
1397
1398
1404
1405
1408
1410
1411
1419
1422
1424
1425
1426
1427
1431
1432
1437
1438
1439
1445
1446
1449
1451
1453
1454
1456
1459
1462
1464
1467
1470
1471
1472
1476
1480
1486
1487
1490
1491
1492
1494
1497
1498
1499
1501
1503
1504
1508
1510
1511
1513
1515
1517
1519
1522
1527
1528
1530
1532
1533
1536
1540
1543
1545
1548
1550
1552
1556
1557
1558
1561
1563
1564
1565
1568
1569
1571
1573
1574
1575
1576
1578
1580
1581
1584
1586
1587
1588
1590
1592
1593
1594
1596
1598
1601
1604
1605
1607
1610
1611
1612
1613
1614
1615
1617
1618
1619
1623
1626
1627
1634
1635
1637
1638
1642
1643
1644
1647
1648
1649
1650
1651
1652
1654
1656
1657
1661
1663
1668
1672
1673
1674
1680
1681
1687
1689
1691
1693
1694
1696
1699
1700
1701
1702
1703
1704
1708
1712
1713
1714
1717
1721
1722
1731
1739
1740
1746
1749
1751
1753
1754
1756
1757
1758
1768
1769
1774
1783
1784
1785
1787
1788
1792
1793
1795
1803
1805
1806
1808
1809
1810
1812
1814
1815
1816
1817
1818
1822
1825
1826
1827
1828
1831
1832
1834
1835
1836
1837
1844
1845
1846
1847
1849
1852
1853
1854
1855
1856
1857
1858
1860
1861
1863
1864
1868
1871
1876
1879
1883
1893
1894
1895
1896
1897
1899
1902
1907
1914
1916
1918
1919
1923
1929
1930
1931
1935
1936
1938
1946
1949
1950
1953
1954
1958
1969
1970
1971
1973
1976
1979
1980
1981
1984
1988
1991
1992
1993
1997
2000
2002
2003
2005
2007
2009
2010
2011
2013
2017
2020
2024
2026
2028
2029
2034
2046
2047
2048
2049
2050
2054
2055
2056
2057
2060
2063
2065
2067
2071
2072
2074
2075
2076
2079
2080
2084
2086
2089
2090
2092
2094
2095
2096
2099
2100
2101
2103
2105
2106
2108
2110
2111
2112
2118
2119
2121
2124
2125
2126
2128
2131
2134
2135
2139
2151
2153
2155
2157
2161
2163
2167
2168
2170
2172
2174
2175
2183
2185
2186
2187
2191
2192
2194
2197
2201
2207
2208
2209
2213
2215
2217
2219
2220
2221
2223
2224
2226
2227
2228
2231
2232
2233
2234
2235
2237
2238
2240
2244
2245
2246
2247
2249
2250
2252
2257
2258
2259
2260
2262
2263
2269
2273
2277
2278
2279
2280
2286
2287
2288
2290
2292
2294
2306
2308
2309
2310
2313
2315
2316
2318
2322
2324
2333
2334
2337
2340
2341
2342
2343
2345
2346
2348
2352
2353
2354
2358
2359
2364
2365
2371
2374
2377
2378
2384
2387
2388
2394
2396
2398
2400
2401
2402
2403
2404
2405
2406
2407
2409
2410
2411
2425
2432
2433
2437
2442
2445
2448
2455
2457
2463
2465
2466
2467
2471
2477
2479
2481
2482
2491
2494
2496
2499
2505
2507
2508
2511
2516
2517
2518
2532
2538
2540
2541
2542
2544
2546
2551
2552
2554
2555
2560
2561
2566
2570
2580
2581
2582
2583
2586
2590
2593
2594
2595
2599
2600
2603
2605
2607
2608
2615
2616
2622
2627
2632
2634
2640
2641
2643
2644
2655
2656
2664
2665
2669
2676
2677
2678
2679
2680
2681
2688
2693
2697
2698
2700
2707
2710
2715
2716
2717
2731
2736
2742
2746
2748
2751
2755
2756
2757
2762
2766
2767
2768
2769
2772
2778
2781
2782
2783
2786
2791
2792
2793
2796
2802
2803
2805
2811
2812
2818
2822
2829
2830
2833
2835
2836
2837
2839
2842
2843
2848
2849
2852
2853
2855
2856
2867
2869
2870
2871
2878
2879
2885
2888
2890
2891
2904
2907
2909
2911
2918
2920
2924
2926
2927
2930
2935
2937
2938
2940
2944
2947
2953
2956
2968
2975
2976
2980
2984
2986
2987
2991
2993
2998
3000
3002
3008
3009
3010
3011
3012
3014
3015
3016
3017
3018
3021
3028
3029
3033
3034
3036
3038
3039
3041
3045
3048
3049
3050
3053
3056
3057
3064
3067
3068
3069
3072
3073
3074
3077
3078
3079
3084
3088
3089
3090
3091
3096
3102
3107
3111
3116
3119
3121
3123
3124
3126
3128
3130
3131
3134
3136
3140
3141
3146
3148
3152
3154
3156
3158
3159
3160
3161
3164
3166
3168
3169
3174
3178
3180
3182
3183
3184
3186
3189
3190
3192
3195
3196
3199
3203
3204
3207
3208
3211
3215
3219
3223
3228
3229
3232
3233
3236
3242
3244
3245
3249
3252
3254
3259
3261
3262
3266
3271
3274
3279
3283
3284
3289
3293
3296
3297
3301
3302
3303
3304
3305
3311
3316
3318
3325
3327
3331
3334
3340
3341
3351
3352
3353
3355
3357
3358
3360
3367
3368
3372
3373
3374
3375
3376
3377
3379
3383
3384
3385
3386
3389
3390
3395
3398
3400
3401
3402
3403
3407
3410
3414
3416
3417
3418
3419
3420
3423
3427
3435
3438
3442
3446
3451
3453
3454
3456
3463
3466
3467
3470
3471
3472
3473
3476
3479
3480
3483
3484
3489
3490
3492
3493
3499
3508
3510
3511
3515
3518
3519
3521
3522
3523
3525
3527
3532
3535
3537
3540
3541
3549
3552
3554
3557
3561
3563
3564
3565
3573
3581
3582
3583
3585
3586
3593
3596
3597
3599
3600
3601
3605
3606
3607
3608
3609
3610
3611
3612
3613
3618
3619
3620
3621
3629
3630
3632
3633
3637
3639
3640
3642
3643
3647
3649
3651
3653
3654
3657
3658
3661
3662
3664
3665
3670
3671
3673
3677
3681
3682
3683
3684
3687
3688
3689
3690
3691
3692
3693
3696
3698
3699
3702
3703
3704
3707
3708
3710
3711
3712
3715
3717
3718
3719
3720
3732
3739
3743
3744
3745
3748
3751
3755
3756
3759
3760
3762
3763
3765
3766
3767
3768
3769
3771
3772
3773
3777
3779
3780
3782
3783
3785
3787
3788
3789
3790
3792
3794
3795
3802
3805
3807
3808
3809
3810
3811
3813
3815
3816
3819
3823
3824
3827
3830
3831
3832
3834
3835
3838
3840
3841
3842
3843
3845
3846
3847
3848
3851
3852
3853
3855
3858
3859
3860
3862
3863
3864
3865
3867
3871
3872
3874
3875
3880
3882
3886
3887
3890
3896
3897
3900
3901
3902
3904
3905
3907
3908
3909
3910
3911
3917
3919
3920
3921
3923
3925
3926
3929
3930
3931
3933
3934
3936
3937
3939
3940
