21
26
89
98
103
114
179
192
223
231
243
275
305
309
333
372
373
384
386
439
472
474
479
488
508
575
594
633
642
680
683
728
741
761
773
790
791
814
823
824
912
956
961
1022
1024
1058
1093
1097
1115
1124
1162
1163
1167
1170
1188
1201
1218
1260
1268
1293
1299
1344
1402
1415
1417
1418
1433
1434
1443
1455
1502
1506
1516
1554
1562
1602
1629
1636
1640
1660
1665
1684
1711
1732
1736
1762
1767
1777
1820
1848
1865
1870
1881
1887
1941
1944
1952
1963
1967
1978
1983
2035
2036
2038
2040
2041
2051
2066
2069
2078
2081
2113
2123
2137
2147
2150
2166
2179
2182
2189
2211
2253
2267
2289
2296
2305
2307
2320
2327
2339
2363
2380
2390
2426
2436
2444
2446
2451
2453
2458
2460
2470
2473
2488
2498
2509
2519
2549
2578
2598
2602
2629
2659
2670
2671
2673
2686
2692
2730
2734
2806
2824
2825
2841
2881
2900
2910
2964
2978
2988
2992
3001
3005
3013
3027
3030
3031
3043
3065
3076
3106
3110
3142
3151
3163
3201
3209
3239
3255
3264
3272
3275
3280
3290
3310
3315
3328
3332
3336
3349
3362
3369
3387
3388
3405
3411
3426
3439
3443
3449
3465
3509
3526
3588
3617
3628
3679
3701
3722
3725
3737
3746
3786
3796
3797
3828
3829
3850
3854
3861
3878
3881
3894
3928
