6
12
18
22
30
37
65
84
105
112
130
143
146
152
158
163
164
178
203
214
216
232
246
250
252
258
274
276
279
280
290
294
303
324
331
340
346
374
379
391
394
403
408
415
423
441
461
510
517
531
532
584
610
630
632
650
652
668
673
679
687
695
703
732
734
740
747
753
754
757
775
779
784
787
793
812
826
843
846
849
878
881
889
911
939
941
943
978
980
990
991
992
994
1004
1008
1014
1061
1073
1077
1087
1089
1108
1116
1118
1160
1166
1173
1174
1178
1207
1214
1227
1240
1244
1327
1358
1365
1376
1379
1383
1406
1409
1412
1423
1428
1441
1442
1460
1465
1475
1478
1496
1512
1531
1535
1542
1549
1577
1585
1606
1620
1678
1682
1685
1707
1723
1730
1782
1796
1799
1802
1819
1830
1880
1888
1901
1925
1926
1927
1933
1937
1957
1960
1966
1968
1977
1989
2001
2022
2042
2059
2093
2109
2127
2145
2159
2193
2195
2212
2236
2265
2295
2312
2332
2338
2349
2361
2370
2389
2414
2427
2430
2443
2461
2464
2483
2492
2512
2513
2520
2523
2569
2592
2604
2630
2646
2650
2661
2709
2754
2758
2809
2814
2820
2831
2847
2860
2876
2886
2887
2889
2898
2912
2917
2919
2963
2974
2994
3003
3042
3071
3114
3129
3135
3267
3292
3324
3329
3330
3333
3337
3343
3346
3354
3371
3380
3391
3406
3428
3429
3434
3441
3444
3458
3462
3475
3486
3496
3498
3516
3520
3539
3556
3562
3571
3572
3576
3577
3590
3614
3615
3644
3646
3652
3666
3667
3674
3680
3705
3721
3726
3740
3742
3752
3791
3812
3817
3825
3856
3866
3868
3870
3889
3891
3893
3898
3914
3927
