104
127
131
136
154
260
265
267
273
289
292
409
418
435
482
543
568
634
665
689
701
702
752
764
772
778
970
981
1011
1104
1107
1126
1136
1141
1205
1208
1213
1217
1269
1271
1277
1295
1303
1331
1356
1375
1377
1393
1395
1444
1500
1671
1677
1715
1743
1752
1771
1807
1892
1903
1905
1922
1942
1965
1972
2033
2037
2154
2180
2214
2218
2270
2293
2302
2321
2325
2360
2438
2472
2495
2539
2571
2575
2613
2639
2642
2648
2685
2722
2760
2773
2779
2795
2798
2874
2893
2899
2905
2914
2916
2922
2923
2936
2939
2954
2959
2977
2995
3062
3087
3103
3104
3105
3165
3175
3193
3202
3212
3214
3295
3307
3314
3482
3500
3517
3550
3595
3631
3806
3814
3820
3821
3877
