14
88
151
155
161
176
184
201
217
393
431
450
456
466
556
559
570
639
653
660
666
684
707
714
722
782
816
863
891
965
1019
1052
1057
1088
1092
1150
1183
1219
1290
1305
1330
1351
1414
1452
1479
1505
1521
1538
1595
1609
1624
1646
1675
1683
1695
1728
1744
1750
1800
1843
1851
1886
1891
1951
1994
2004
2014
2027
2044
2073
2133
2160
2164
2173
2199
2204
2239
2251
2254
2256
2281
2356
2373
2375
2381
2397
2420
2423
2462
2474
2475
2476
2484
2485
2486
2500
2531
2533
2535
2606
2609
2610
2624
2626
2628
2633
2645
2653
2654
2714
2759
2771
2794
2816
2838
2845
2857
2859
2861
2873
2877
2901
2906
2908
2948
2960
2971
2985
3075
3085
3092
3094
3113
3145
3179
3205
3210
3227
3231
3237
3243
3246
3247
3257
3263
3269
3273
3277
3282
3299
3300
3326
3363
3399
3422
3437
3457
3459
3460
3501
3506
3512
3513
3524
3529
3551
3555
3567
3574
3616
3650
3714
3724
3826
3879
3913
3924
3935
