254 0 0
254 25 0
254 50 0
254 75 0
254 100 0
254 125 0
254 150 0
254 175 0
254 200 0
254 225 0
254 254 0
254 0 25
254 0 50
254 0 75
254 0 100
254 0 125
254 0 150
254 0 175
254 0 200
254 0 225
254 0 254
0 254 0
25 254 0
50 254 0
75 254 0
100 254 0
125 254 0
150 254 0
175 254 0
200 254 0
225 254 0
254 254 0
0 254 25
0 254 50
0 254 75
0 254 100
0 254 150
0 254 175
0 254 200
0 254 225
0 254 254
0 0 254
25 0 254
50 0 254
75 0 254
100 0 254
125 0 254
150 0 254
175 0 254
200 0 254
225 0 254
254 0 254
0 25 254
0 50 254
0 75 254
0 100 254
0 125 254
0 150 254
0 175 254
0 200 254
0 225 254
0 254 254
254 254 25
254 254 50
254 254 75
254 254 100
254 254 125
254 254 150
254 254 175
254 25 254
254 50 254
254 75 254
254 100 254
254 125 254
254 150 254
254 175 254
254 254 25
254 254 50
254 254 75
254 254 100
254 254 125
254 254 150
254 254 175
50 50 100
100 50 50
50 50 100
100 100 50
50 100 100
100 50 100
35 50 50
50 35 50
50 50 35
35 100 100
100 100 35
35 100 100
75 100 100
100 100 75
100 75 100
100 0 0
0 100 0
0 0 100
150 0 0
0 150 0
0 0 150
