814
1100
1101
1103
1104
1105
1107
1108
1132
1133
1134
1135
1156
1158
1159
1160
1161
1167
1171
1172
1173
1174
1299
1300
1327
1328
1329
1337
1358
1359
1360
1361
1364
1456
1458
1492
1493
1494
1522
1523
1526
1527
1528
1529
1530
1531
1543
1544
1545
1546
1547
1548
1549
1550
1630
1633
1634
1635
1636
1645
1646
1647
1648
1649
1651
1664
1665
1667
1668
1721
1722
1724
1744
1745
1766
1767
1816
1817
1818
1819
1820
1848
1867
1868
1869
1873
1924
1925
1926
1927
1930
1931
1949
1950
1952
1958
1960
1961
1963
1964
1965
1966
2125
2127
2128
2129
2131
2132
2133
2134
2182
2184
2185
2186
2231
2232
2279
2280
2282
2433
2483
2484
2485
2486
2487
2488
2511
2522
2533
2534
2536
2538
2575
2576
2577
2593
2594
2595
2596
2608
2609
2610
2625
2627
2628
2648
2649
2675
2694
2695
2696
2697
2705
2706
2833
2834
2835
2836
2837
2838
2839
2840
2841
2842
2843
2882
2914
2915
2916
2934
2951
2952
2953
2958
2980
2997
2998
2999
3019
3020
3037
3038
3050
3051
3140
3141
3178
3179
3180
3182
3183
3198
3199
3200
3201
3202
3203
3204
3217
3218
3219
3220
3230
3231
3233
3237
3238
3270
3271
3274
3276
3306
3307
3308
3309
3310
3311
3312
3313
3314
3315
3316
3317
3318
3441
3517
3525
3526
3547
