1053
1054
1062
1063
1084
1330
1388
1408
1460
1656
1661
1685
1717
1738
1751
1752
1756
1757
1760
1761
1775
1780
1789
1791
1797
1799
1809
1810
1811
1823
1824
1829
1831
1841
1843
1844
1858
1859
1860
1862
1882
1883
1884
1885
1889
1891
1892
1901
1934
1944
2009
2010
2427
2449
2455
2456
2474
2475
2477
2478
2480
2524
2525
2527
2529
2530
2540
2541
2542
2543
2554
2555
2598
2599
2600
2602
2603
2605
2612
2613
2615
2616
2620
2621
2655
2656
2657
2659
2662
2663
2664
2665
2668
2669
2671
2672
2698
2699
2701
2702
2703
2729
2730
2743
2744
2809
2824
2830
2853
2867
2870
2871
2876
2877
2879
2880
2891
2893
2894
2904
2905
2906
2907
2908
2911
2923
2924
2925
2928
2929
2930
2968
2986
3022
3023
3024
3025
3027
3028
3029
3226
3227
3259
3260
3281
3282
3283
3284
3285
3322
3323
3573
3638
