345
374
563
565
575
694
737
756
757
761
762
763
764
775
780
785
786
793
823
951
967
979
1007
1027
1056
1060
1087
1094
1096
1110
1111
1112
1125
1137
1176
1303
1322
1323
1324
1341
1343
1351
1353
1356
1373
1399
1421
1423
1433
1435
1436
1503
1506
1507
1508
1509
1511
1563
1564
1565
1566
1589
1590
1592
1593
1597
1598
1599
1600
1605
1681
1707
1742
1974
1984
1985
1986
1987
1992
1993
1994
1995
2001
2002
2003
2004
2015
2016
2017
2018
2019
2020
2021
2138
2139
2173
2175
2176
2177
2206
2207
2234
2235
2238
2260
2261
2267
2301
2302
2314
2331
2333
2340
2341
2419
2422
2448
2683
2735
2846
2889
2890
3001
3034
3095
3096
3097
3154
3155
3156
3157
3325
3326
3327
3328
3329
3348
3349
3350
3351
3352
3354
3362
3363
3368
3375
3376
3377
3396
3419
3421
3430
3438
3515
3535
3540
3543
3560
3620
3632
3633
3636
3764
3806
