164
226
227
256
257
278
279
281
318
375
376
429
430
431
441
442
443
480
561
562
564
686
687
688
689
699
701
779
792
796
797
810
811
822
863
1017
1126
1127
1150
1189
1190
1195
1196
1197
1205
1206
1227
1234
1235
1253
1255
1257
1258
1259
1260
1261
1263
1586
1591
2053
2054
2055
2115
2116
2135
2136
2137
2150
2151
2152
2178
2195
2236
2237
2262
2263
2264
2265
2266
2268
2308
2311
2312
2313
2315
2316
2317
2318
2319
2320
2321
2329
2330
2332
2334
2335
2336
2342
2343
2348
2349
2358
2359
2360
2403
2420
2421
2847
2865
3003
3032
3033
3131
3132
3149
3150
3151
3152
3406
3417
3490
3561
3765
3766
3801
3802
