733
817
1099
1106
1131
1155
1301
1325
1326
1357
1374
1395
1396
1457
1489
1490
1525
1551
1554
1557
1631
1632
1637
1638
1639
1652
1653
1666
1743
1833
1834
1872
1877
1878
1879
1895
1896
1897
1898
1928
1929
1948
1951
1953
1957
1959
2126
2187
2188
2224
2225
2226
2430
2431
2432
2461
2469
2470
2471
2510
2519
2520
2521
2532
2535
2537
2557
2558
2559
2560
2607
2624
2650
2651
2652
2676
2692
2693
2738
2739
2740
2741
2831
2832
2849
2850
2851
2852
2881
2883
2884
2885
2912
2913
2919
2950
2954
2959
2960
2974
2975
2996
3000
3004
3017
3018
3048
3049
3101
3102
3106
3107
3108
3176
3177
3185
3186
3187
3195
3196
3197
3205
3214
3215
3216
3272
3273
3277
3389
3506
3507
3516
3519
3527
