708
717
738
739
758
765
812
813
818
819
820
891
892
893
894
1048
1066
1067
1068
1074
1080
1081
1109
1119
1120
1128
1129
1130
1139
1140
1152
1153
1179
1302
1305
1339
1340
1342
1344
1345
1346
1352
1354
1355
1363
1365
1397
1398
1424
1432
1434
1438
1443
1466
1467
1469
1473
1474
1475
1482
1483
1510
1521
1540
1541
1542
1552
1553
1555
1556
1574
1575
1576
1577
1578
1579
1580
1581
1609
1612
1613
1614
1616
1626
1627
1628
1629
1682
1683
1704
1705
1706
1708
1709
1713
1747
1748
1749
1835
1836
1962
1967
1968
1969
1975
1976
2034
2304
2305
2306
2307
2338
2339
2457
3002
3099
3100
3159
3191
3192
3194
3268
3269
3275
3278
3279
3280
3338
3339
3340
3341
3342
3343
3344
3345
3346
3347
3353
3360
3379
3380
3384
3385
3386
3458
3459
3476
3477
3478
3509
3510
3511
3512
3513
3514
3518
3528
3529
3530
3531
3532
3533
3536
3537
3538
3554
3555
3556
3557
3558
3584
3635
