1052
1055
1070
1071
1085
1086
1093
1102
1162
1275
1276
1297
1335
1347
1348
1375
1394
1404
1405
1406
1415
1416
1429
1441
1461
1496
1497
1643
1644
1657
1658
1659
1660
1662
1740
1741
1750
1845
1866
1871
1874
1875
1893
1894
1908
1909
1910
1911
1921
1922
1932
1933
1938
1939
1940
1941
1946
1955
1972
1973
1991
2043
2051
2052
2428
2429
2450
2451
2452
2460
2472
2473
2526
2528
2601
2622
2623
2653
2658
2670
2708
2742
2745
2746
2752
2753
2804
2854
2855
2856
2868
2869
2878
2902
2903
2909
2910
2920
2921
2922
2926
2956
2957
3026
3031
3193
3209
3210
3211
3251
3399
3400
3401
3402
3403
3404
3405
3410
3411
3414
3416
3420
3433
3434
3456
