787
788
789
790
794
1008
1061
1091
1177
1178
1246
1282
1290
1331
1369
1370
1372
1377
1378
1380
1381
1382
1383
1384
1391
1409
1410
1411
1516
1517
1518
1534
1535
1536
1537
1583
1584
1671
1672
1673
1675
1676
1677
1678
1679
1680
1686
1687
1689
1690
1691
1692
1693
1694
1695
1698
1699
1701
1702
1714
1715
1716
1726
1727
1728
1729
1732
1734
1735
1736
1753
1754
1755
1758
1759
1762
1763
1771
1772
1774
1776
1777
1778
1779
1783
1788
1790
1792
1795
1796
1798
1806
1807
1808
1812
1822
1825
1827
1828
1830
1838
1842
1855
1856
1861
1886
1887
1888
1890
1902
1903
1904
1920
1990
2011
2012
2013
2425
2426
2454
2458
2464
2465
2466
2467
2468
2476
2479
2481
2500
2501
2502
2512
2513
2544
2545
2546
2547
2548
2549
2550
2551
2552
2553
2570
2572
2591
2592
2604
2614
2617
2618
2619
2631
2632
2638
2660
2661
2666
2667
2680
2681
2682
2690
2700
2709
2719
2737
2747
2766
2767
2783
2784
2785
2796
2802
2803
2807
2825
2826
2827
2829
2859
2860
2861
2862
2863
2866
2872
2873
2874
2875
2887
2888
2892
2917
2918
2927
2939
2942
2971
2977
2978
2979
2984
2985
3007
3008
3045
3110
3111
3124
3221
3222
3241
3242
3243
3249
3250
3252
3261
3263
3264
3265
3266
3267
3302
3320
3321
3502
3503
3504
3521
3522
3523
