1241
1242
1243
1244
1245
1247
1248
1267
1268
1269
1270
1271
1272
1273
1277
1278
1279
1280
1281
1283
1284
1285
1286
1287
1288
1289
1291
1292
1293
1294
1295
1332
1333
1334
1366
1367
1368
1371
1379
1385
1386
1387
1390
1392
1532
1533
1674
1688
1696
1697
1700
1730
1731
1733
1737
1773
1793
1794
1839
1840
1857
1905
1906
1907
1935
1936
1937
1942
1943
2435
2436
2437
2438
2439
2440
2441
2442
2443
2453
2491
2492
2493
2494
2495
2496
2497
2498
2499
2503
2504
2505
2506
2507
2514
2515
2516
2563
2564
2565
2566
2567
2568
2580
2581
2582
2583
2584
2585
2586
2587
2588
2589
2590
2633
2634
2635
2636
2637
2639
2640
2641
2642
2643
2644
2645
2646
2686
2687
2688
2689
2731
2732
2748
2749
2750
2789
2790
2800
2801
2805
2806
2810
2811
2845
2858
2864
2941
2943
2944
2945
2946
2947
2963
2964
2965
2966
2967
2987
2988
2989
2990
2991
2992
2993
3009
3010
3011
3012
3013
3014
3039
3040
3041
3042
3043
3044
3055
3056
3057
3058
3059
3060
3223
3224
3225
3262
3497
3498
3499
3500
3501
