111
136
243
277
387
415
416
417
459
508
706
707
710
716
718
719
755
766
795
809
815
889
890
895
1015
1047
1051
1064
1069
1075
1076
1079
1083
1092
1113
1114
1116
1117
1118
1122
1123
1124
1138
1141
1142
1143
1149
1151
1188
1193
1194
1203
1204
1226
1232
1233
1256
1262
1321
1389
1425
1426
1427
1428
1430
1431
1468
1470
1471
1476
1477
1478
1481
1485
1486
1487
1488
1498
1512
1567
1568
1569
1572
1607
1608
1610
1611
1615
1623
1624
1711
1712
1983
2027
2029
2033
2039
2042
2044
2048
2050
2064
2065
2067
2068
2070
2072
2073
2075
2120
2121
2140
2159
2160
2161
2172
2189
2191
2192
2218
2219
2220
2221
2259
2303
2423
2424
2733
2734
2791
2797
2808
2857
3098
3158
3163
3169
3170
3175
3190
3335
3336
3337
3355
3356
3357
3358
3361
3381
3382
3383
3387
3408
3409
3415
3418
3432
3448
3455
3474
3475
3479
3480
3488
3489
3491
3492
3508
3548
3551
3552
3553
3559
3562
3575
3580
3581
3582
3587
3588
3637
3720
3866
3867
3870
3921
3926
3927
