776
777
952
953
954
955
1009
1010
1011
1012
1013
1057
1058
1059
1088
1089
1090
1095
1097
1098
1164
1400
1420
1422
1444
1445
1446
1447
1448
1449
1450
1451
1452
1453
1499
1500
1501
1502
1504
1505
1514
1515
1582
1606
1617
1618
1619
1620
1621
1622
1625
1970
1977
1978
1979
1980
1981
1982
1996
1997
1998
1999
2000
2028
2030
2031
2032
2035
2036
2037
2038
2040
2041
2045
2046
2047
2049
2066
2069
2071
2074
2118
2119
2122
2123
2124
2162
2163
2164
2190
2193
2194
2222
2223
2337
2792
2798
2799
3160
3161
3162
3171
3172
3173
3174
3332
3333
3334
3364
3365
3366
3367
3369
3370
3371
3372
3373
3374
3378
3388
3534
3539
3541
3542
3544
3545
3549
3550
3572
3574
3576
3577
3578
3579
3583
3585
3634
