1049
1050
1065
1072
1073
1082
1136
1154
1157
1163
1165
1166
1168
1169
1170
1274
1296
1298
1304
1336
1338
1362
1376
1393
1401
1402
1403
1407
1412
1413
1414
1417
1418
1419
1437
1439
1440
1442
1454
1455
1459
1462
1463
1491
1495
1519
1520
1524
1538
1539
1558
1559
1560
1561
1562
1640
1641
1642
1650
1654
1655
1663
1669
1670
1684
1703
1710
1718
1719
1723
1725
1739
1746
1764
1770
1781
1782
1805
1813
1814
1815
1821
1826
1832
1837
1846
1847
1854
1863
1864
1865
1870
1876
1880
1881
1899
1900
1923
1945
1947
1954
1956
1971
1988
1989
2008
2014
2130
2179
2180
2181
2183
2227
2228
2229
2230
2233
2269
2275
2276
2277
2278
2281
2283
2284
2285
2434
2444
2459
2462
2463
2482
2489
2490
2508
2509
2517
2518
2523
2531
2539
2556
2561
2562
2569
2571
2573
2574
2578
2579
2606
2611
2629
2630
2647
2654
2673
2674
2691
2704
2707
2710
2711
2718
2736
2751
2765
2782
2844
2848
2886
2931
2932
2940
2948
2949
2955
2961
2962
2969
2970
2976
2983
2994
2995
3005
3006
3015
3016
3021
3030
3046
3047
3052
3053
3054
3061
3103
3104
3105
3109
3112
3122
3123
3137
3138
3139
3142
3181
3184
3188
3189
3206
3207
3208
3212
3213
3228
3229
3248
3258
3300
3301
3303
3319
3324
3390
3391
3392
3457
3505
3520
3524
3546
3571
3586
