44
67
118
119
289
298
516
517
524
525
535
536
585
586
587
613
622
623
632
633
634
695
709
720
731
732
734
735
759
760
781
782
783
824
825
826
827
848
855
861
957
958
959
960
961
962
964
968
972
974
980
999
1000
1001
1005
1006
1020
1021
1028
1040
1041
1042
1043
1044
1045
1046
1077
1078
1121
1144
1145
1146
1147
1148
1472
1479
1480
1484
3359
3563
3564
3565
3566
3567
3568
3569
3570
3589
3590
3591
3592
3593
3594
3596
3597
3598
3599
3600
3601
3602
3621
3622
3629
3630
3631
3640
3641
3645
3646
3647
3648
3649
3657
3658
3686
3727
3728
3729
