240
280
390
393
636
637
638
648
649
650
651
669
670
671
677
679
724
725
726
727
728
729
821
950
963
1018
1039
1236
1237
1238
1239
1240
1249
1250
1251
1252
1254
1264
1265
1266
1513
1570
1571
1585
1587
1787
1800
1801
1802
1804
2309
2310
2328
2361
2414
2415
2679
2716
2717
2720
2721
2726
2727
2728
2771
2772
2773
2822
2895
2896
2897
2901
3062
3063
3092
3093
3094
3113
3114
3115
3116
3121
3125
3129
3130
3133
3136
3143
3146
3147
3148
3153
3244
3255
3256
3257
3493
3494
3495
3496
3603
3803
3815
3816
3819
3852
3853
